1694662219530 176.70765411388558 0
1694662219557 157.27033562950317 1
1694662219582 140.4746375646668 2
1694662219604 125.55668017083934 3
1694662219628 112.3058206798818 4
1694662219649 100.53508803730718 5
1694662219671 90.07852026423805 6
1694662219693 80.7888014599379 7
1694662219716 72.53516471654764 8
1694662219737 65.20153101469604 9
1694662219760 58.68485753820223 10
1694662219781 52.89367183628221 11
1694662219802 47.74677091521837 12
1694662219828 43.17206669625549 13
1694662219860 39.10556136618151 14
1694662219885 35.49043800148522 15
1694662219910 32.27625349264352 16
1694662219933 29.418222255481933 17
1694662219955 26.876580512533184 18
1694662219979 24.616022077400487 19
1694662220002 22.605197595739085 20
1694662220025 20.816270102180642 21
1694662220047 19.224520556274122 22
1694662220067 17.807997733783726 23
1694662220087 16.547207482656308 24
1694662220109 15.42483691468652 25
1694662220146 14.42550960239085 26
1694662220179 13.535568292969845 27
1694662220218 12.742882043808864 28
1694662220254 12.03667503234811 29
1694662220283 11.40737460231682 30
1694662220316 10.84647638268996 31
1694662220349 10.346424559205792 32
1694662220379 9.900505594356344 33
1694662220411 9.5027538835153 34
1694662220443 9.147868005037248 35
1694662220474 8.831136373177957 36
1694662220501 8.548371236704023 37
1694662220529 8.295850084994827 38
1694662220559 8.07026362898854 39
1694662220594 7.868669617993707 40
1694662220634 7.688451836515806 41
1694662220679 7.527283699020947 42
1694662220720 7.38309592602943 43
1694662220760 7.25404784303499 44
1694662220800 7.138501895310182 45
1694662220850 7.035001017420808 46
1694662220891 6.942248536885379 47
1694662220925 6.8590903274591035 48
1694662220955 6.78449895950998 49
1694662220985 6.71755962334383 50
1694662221014 6.657457626530448 51
1694662221050 6.6034672886440555 52
1694662221118 6.554942076676726 53
1694662221172 6.511305841996797 54
1694662221211 6.472045035356322 55
1694662221248 6.436701790325631 56
1694662221287 6.404867777846714 57
1694662221329 6.3761787455260315 58
1694662221371 6.350309664987348 59
1694662221414 6.32697041921452 60
1694662221457 6.3059019694555145 61
1694662221497 6.286872948041317 62
1694662221536 6.269676629493343 63
1694662221578 6.254128237636254 64
1694662221619 6.240062551175901 65
1694662221662 6.227331774412028 66
1694662221698 6.215803643492071 67
1694662221732 6.205359741929565 68
1694662221766 6.19589400205493 69
1694662221798 6.1873113716802495 70
1694662221829 6.1795266275797776 71
1694662221867 6.172463319447652 72
1694662221898 6.166052829822724 73
1694662221935 6.160233537093713 74
1694662221973 6.154950070138908 75
1694662222006 6.150152644434145 76
1694662222041 6.145796470598562 77
1694662222078 6.1418412273562675 78
1694662222111 6.138250591787369 79
1694662222138 6.1349918205369995 80
1694662222170 6.132035376356854 81
1694662222199 6.1293545949806685 82
1694662222227 6.126925387891807 83
1694662222252 6.124725977035378 84
1694662222279 6.122736657966415 85
1694662222305 6.120939588315553 86
1694662222334 6.119318598799889 87
1694662222367 6.117859024314414 88
1694662222403 6.116547552912511 89
1694662222445 6.115372090726827 90
1694662222479 6.114321641097402 91
1694662222512 6.113386196365471 92
1694662222547 6.112556640961606 93
1694662222578 6.1118246645681 94
1694662222611 6.111182684269805 95
1694662222646 6.1106237747271575 96
1694662222680 6.110141605511244 97
1694662222712 6.1097303848350695 98
1694662222743 6.109384808999105 99
1694662222778 6.109100016943756 100
1694662222819 6.108871549367665 101
1694662222852 6.108695311929721 102
1694662222879 6.108567542105103 103
1694662222908 6.108484779312293 104
1694662222947 6.1084438379694825 105
