1694662223021 180.40308862415603 0
1694662223052 160.42012974765782 1
1694662223078 143.1584012050055 2
1694662223104 127.83744947886417 3
1694662223137 114.23840652411404 4
1694662223167 102.16712494119686 5
1694662223199 91.45138360780528 6
1694662223233 81.96114557664616 7
1694662223264 73.53454747908127 8
1694662223297 66.05184317663709 9
1694662223337 59.406799642035715 10
1694662223381 53.50517016325336 11
1694662223420 48.263340163688795 12
1694662223462 43.60712611648578 13
1694662223499 39.47071023925342 14
1694662223544 35.79569561382867 15
1694662223590 32.53026811258606 16
1694662223634 29.628453053183282 17
1694662223678 27.049455869764223 18
1694662223718 24.757077300236155 19
1694662223767 22.71919466377795 20
1694662223811 20.907301755724955 21
1694662223855 19.29610073216493 22
1694662223897 17.863140106163335 23
1694662223934 16.588493642329414 24
1694662223969 15.454475526030619 25
1694662224004 14.445387706466768 26
1694662224033 13.547295776572827 27
1694662224064 12.747830164020293 28
1694662224098 12.03600977236599 29
1694662224130 11.40208553491686 30
1694662224166 10.837401630806172 31
1694662224199 10.33427236725133 32
1694662224232 9.885872957655618 33
1694662224270 9.486142625382842 34
1694662224307 9.129698640561303 35
1694662224346 8.811760054723548 36
1694662224393 8.528080037731272 37
1694662224437 8.274885845285217 38
1694662224481 8.048825555164239 39
1694662224523 7.846920807759837 40
1694662224567 7.666524872877868 41
1694662224612 7.505285441413624 42
1694662224656 7.361111608475247 43
1694662224693 7.232144574813807 44
1694662224725 7.116731646885281 45
1694662224760 7.013403163291412 46
1694662224796 6.920852017406319 47
1694662224835 6.837915483300621 48
1694662224871 6.763559085162079 49
1694662224903 6.696862279758668 50
1694662224934 6.637005747519284 51
1694662224964 6.58326011089442 52
1694662224998 6.534975919136584 53
1694662225032 6.49157475680324 54
1694662225063 6.452541349395255 55
1694662225090 6.417416553833459 56
1694662225118 6.3857911341506695 57
1694662225147 6.357300234019115 58
1694662225180 6.331618467705528 59
1694662225214 6.308455559891783 60
1694662225241 6.287552472645305 61
1694662225267 6.268677964783537 62
1694662225299 6.25162553505061 63
1694662225330 6.236210706001066 64
1694662225361 6.222268610343567 65
1694662225389 6.20965184580731 66
1694662225421 6.198228568416794 67
1694662225454 6.187880797452237 68
1694662225488 6.178502908381587 69
1694662225523 6.1700002927192665 70
1694662225561 6.162288166134836 71
1694662225597 6.1552905082355265 72
1694662225638 6.148939119310574 73
1694662225679 6.143172780978903 74
1694662225714 6.137936509148932 75
1694662225754 6.133180889001108 76
1694662225806 6.128861482858877 77
1694662225840 6.124938302838697 78
1694662225872 6.121375341079216 79
1694662225902 6.118140151156773 80
1694662225931 6.115203475010521 81
1694662225963 6.112538910336116 82
1694662225991 6.110122613970893 83
1694662226023 6.107933037294085 84
1694662226051 6.105950690109968 85
1694662226082 6.104157929876146 86
1694662226108 6.102538773489266 87
1694662226133 6.101078729151233 88
1694662226160 6.099764646114752 89
1694662226194 6.098584580352056 90
1694662226227 6.0975276744079885 91
1694662226261 6.096584049891779 92
1694662226294 6.095744711233199 93
1694662226323 6.09500145948108 94
1694662226353 6.094346815057351 95
1694662226388 6.093773948499859 96
1694662226420 6.093276618333859 97
1694662226456 6.092849115306908 98
1694662226485 6.092486212305939 99
1694662226523 6.092183119350269 100
1694662226554 6.0919354431206045 101
1694662226585 6.0917391505432805 102
1694662226618 6.091590536001437 103
1694662226652 6.09148619179152 104
1694662226689 6.09142298148502 105
1694662226720 6.091398015892195 106
1694662226751 6.091408631357435 107
