1694662226837 166.9085385529695 0
1694662226873 148.94730202885205 1
1694662226903 133.1003085969495 2
1694662226931 119.02265584570328 3
1694662226958 106.51610263703927 4
1694662226984 95.4046599523539 5
1694662227013 85.53209077609188 6
1694662227041 76.75969101490885 7
1694662227067 68.96431985353101 8
1694662227094 62.03665150177878 9
1694662227120 55.879623440969 10
1694662227146 50.40705907699038 11
1694662227174 45.542445191646415 12
1694662227205 41.217846788781294 13
1694662227241 37.37294388866568 14
1694662227291 33.95417656100705 15
1694662227327 30.913986028514472 16
1694662227358 28.21014104115462 17
1694662227400 25.80513993558268 18
1694662227432 23.665679872020025 19
1694662227472 21.76218569743873 20
1694662227510 20.068391732930795 21
1694662227548 18.560970536684728 22
1694662227586 17.219203362800837 23
1694662227633 16.024687629778285 24
1694662227687 14.961077239359556 25
1694662227727 14.013852054027591 26
1694662227782 13.170113256479956 27
1694662227826 12.418401682766104 28
1694662227870 11.748536547715627 29
1694662227908 11.151472271465854 30
1694662227945 10.61917137344959 31
1694662227980 10.14449162879783 32
1694662228017 9.721085885004037 33
1694662228092 9.343313116776242 34
1694662228133 9.00615945683659 35
1694662228167 8.705168082290799 36
1694662228195 8.43637696210392 37
1694662228224 8.19626358297666 38
1694662228251 7.981695870110415 39
1694662228281 7.789888607391521 40
1694662228309 7.618364739670479 41
1694662228340 7.464921009172163 42
1694662228367 7.327597439636842 43
1694662228395 7.204650236435193 44
1694662228422 7.094527719401984 45
1694662228446 6.995848948182803 46
1694662228476 6.907384738099696 47
1694662228502 6.8280407984580505 48
1694662228528 6.75684275532219 49
1694662228555 6.69292284750875 50
1694662228586 6.635508108265806 51
1694662228627 6.583909866159299 52
1694662228658 6.537514417376231 53
1694662228686 6.495774738242235 54
1694662228733 6.458203121475725 55
1694662228764 6.424364632770986 56
1694662228790 6.393871295904734 57
1694662228818 6.366376924859359 58
1694662228843 6.341572530598166 59
1694662228870 6.319182238243221 60
1694662228894 6.298959657610358 61
1694662228919 6.280684656450854 62
1694662228947 6.264160491426374 63
1694662228971 6.249211256883322 64
1694662228996 6.235679615966695 65
1694662229030 6.22342478258526 66
1694662229052 6.212320726265908 67
1694662229074 6.202254575065306 68
1694662229097 6.193125194486168 69
1694662229120 6.184841922812697 70
1694662229142 6.177323445470452 71
1694662229175 6.1704967929607575 72
1694662229197 6.164296448646578 73
1694662229220 6.1586635542001815 74
1694662229241 6.153545201884123 75
1694662229263 6.148893804046068 76
1694662229287 6.144666531281326 77
1694662229315 6.140824811670127 78
1694662229341 6.137333884343133 79
1694662229373 6.134162401380346 80
1694662229408 6.131282072716111 81
1694662229441 6.128667349315777 82
1694662229473 6.126295140416124 83
1694662229508 6.124144561089318 84
1694662229535 6.122196706805579 85
1694662229562 6.12043445203867 86
1694662229588 6.11884227028617 87
1694662229612 6.117406073167576 88
1694662229636 6.116113066522029 89
1694662229662 6.114951621657271 90
1694662229690 6.113911160105621 91
1694662229716 6.112982050424235 92
1694662229744 6.11215551573819 93
1694662229773 6.111423550868151 94
1694662229801 6.110778848011833 95
1694662229829 6.110214730061609 96
1694662229859 6.1097250907412795 97
1694662229883 6.109304340834492 98
1694662229908 6.108947359856777 99
1694662229935 6.108649452593997 100
1694662229963 6.108406309992802 101
